-85.9611555101474 -5.433780524775472
5.681360162746785 -42.192090209488775
-2.9819833948889993 -73.70165712917603
-74.76079021462772 -66.00594888934295
-82.5329699829868 -80.43131655854353
-47.274442463290086 34.96537266730283
-92.07425255854676 89.90115738768617
32.33242580885417 -85.43493837973126
18.103782615888434 -49.92918320123172
0.013264444257259811 -74.62761954107492
96.50919103014945 -12.701969952730636
-28.547718025346143 19.375839252389454
8.878601572959127 21.670768928735768
78.17362215662803 -14.427159112035554
-80.48390568636121 6.204007173036061
48.47471485023965 95.3565201150677
-48.55251252796351 -63.618199909335885
96.62486426997853 41.69911863334866
-60.25742819195654 -19.955401915730036
70.466604916205 -46.65584462641479
-20.38302824994669 -21.053071914269125
-82.63026984225081 -30.769528462729227
-64.47425855655571 43.52302908051939
99.80056502979127 -38.90067530697841
-53.692956721762954 56.77760777997591
64.86639670601758 -85.36585393372462
-52.39899011779086 -32.05867210010929
-57.53795910862649 -51.4654086700139
44.58701120929652 -15.24548003559741
-97.78181688269657 -49.4880610543728
30.87786498338002 -94.54533741412887
4.4035554808557436 64.4860329668422
-1.9778502785872547 53.687473538389696
-99.84257739703935 -47.06455052852665
7.572374649171351 -47.955990109632275
-46.433616650354345 12.853507974232343
-53.88080807438118 47.217615745280995
40.487582643351374 86.04366223322066
-27.56730826187983 -80.83813699319151
-46.634984182908504 -37.97409501259854
49.69006336093443 87.60764345585449
-63.05243007265888 -32.42860061835917
-10.120211705991665 -58.49572568928334
36.973971798884776 -60.79153269587054
33.83681022732816 -6.89360201102491
-65.00721390266341 19.294744879016108
-11.429673309638048 -0.9751945034550289
21.847027805331038 45.22110256761175
16.604490369062134 87.50856125033641
44.31898703636767 6.981129813739287
71.18856732343849 28.930258405869466
53.445485372283 28.295065465145342
53.12055946113887 28.419166817495608
92.34127444603212 5.1641180306822605
-36.445538856045644 87.3661395997112
28.94642214668127 -27.926906793559624
31.950608702640693 -62.62141879686644
-70.34399213890103 -58.884432880735815
-4.600125142169361 64.61788199609632
-34.75977256168305 -33.222597205169976
-14.515731190115204 77.62553898527159
-3.1975601696996137 93.0175564295011
1.648514176940182 -13.327825906840602
-56.283051216294425 -91.02580222541911
-9.424517734745464 89.65785886594128
-95.26213624287381 72.19837220497024
-79.4321463853546 -25.704242189581166
40.14957127579237 82.43707893672973
-63.342788191857835 -29.149526700040894
33.93620913563757 61.287139753271134
-2.328397419147592 60.76676354694678
73.9188992977765 -17.658344265368157
-88.39877571486004 -75.03671694027702
69.71155432286545 78.49999069295387
70.84322420488544 0.09621737093672778
15.11384569177703 64.08090380919054
19.44385334676491 -78.45569953393664
-33.466213174475754 65.86153020001649
-85.4711186490926 61.225729183880446
-60.48221236623193 85.73292792954567
-53.346729653814904 -65.27271938817725
47.8465830205684 -75.77301026426757
40.727983815161366 92.98538054762554
92.15757503369937 45.12583283080534
22.965410186897643 34.61710739251757
49.15459325644969 47.18630307111417
91.41463641064519 -3.320648337805565
22.449933662327638 -32.73634694060088
-76.62469331205268 -63.50966454612428
-96.87277189192574 68.35121824817008
-63.03469304100793 -70.9678233066629
-73.07431151076787 -60.5050794927708
43.015412854715095 -1.081221250883189
-10.480266373661948 53.63241792558176
-87.19482902046593 56.87553924667404
-18.218649711181428 67.03921408363155
-4.536000062929318 -7.621078447002617
89.65005497251963 78.87248544044067
29.32776413110244 -5.352715978590709
-25.630062449460937 12.378035112234159
