95.1994327037432 -30.61156665192862
94.36380996947491 -33.097905795455176
98.6366258145202 16.456489538365293
38.26560591636229 92.38908703874965
0.052007581066687354 99.99998647605665
-93.51583860789594 35.422985891394845
95.2728994585353 30.382143254942086
-29.91562536919587 95.42041374239541
85.50775100733065 -51.85001945677884
-99.21643148806064 12.493987464975621
38.71093220862429 92.20338240834386
-99.36553525465628 11.2467952571237
-98.9451426037131 14.486502515475518
25.371655361786306 -96.72786105462448
64.90864606391958 -76.07146420405498
-72.08945631446481 69.30447523995021
-11.421956554802822 -99.34555303817176
-87.05672552360885 -49.20494427501196
8.38454177723133 -99.64787734410534
-73.19831848102383 68.13226967854956
48.678180689554374 87.35235958321387
89.10785112794647 45.384918941865806
-48.85714116289237 -87.25239112705856
46.25892430432679 88.65727224659331
-93.99095576763573 34.14235249490497
22.104600408138637 -97.5263381902372
71.58713665420657 69.82321867152756
-31.76006198050442 94.82245758782314
95.00843443885587 31.199317067487648
-99.88627115373761 -4.767896286834182
-37.89263073425059 -92.54268494072197
23.200179544799052 -97.27153575989786
5.089020666805871 -99.8704253953733
6.424330027774809 -99.79342655553137
35.40221434316453 93.5237040519709
-23.5224481417768 97.1941069891453
-13.030788729847497 -99.14735773119764
-0.3319348687177833 99.99944909469717
-95.48931758838278 -29.694952879318954
-59.46928652067764 -80.39529812570849
98.8686507393473 14.999663362254545
-86.21545251835242 -50.66454131891178
-89.46404721672623 -44.67867786319757
40.04484459321906 -91.63192905044035
46.001399325484 -88.79116656569707
-99.87145228196813 -5.068828177257793
99.80849450536702 -6.1858244860421765
-63.724484173743356 77.06614118269016
-58.187492247684744 -81.32782885289406
9.618206353812196 99.5363757956632
76.39558344967642 64.52685355248252
-88.38587871464492 -46.77538288288059
-85.6720441293567 -51.57810441163534
68.8016975793349 -72.56945921117052
99.998764639307 0.4970619805245156
61.775539821601775 -78.63703122416113
14.242652711560766 -98.98053770180212
-89.43516731982723 -44.73645992336124
-99.9659463682366 2.6095146489035415
85.37643197067317 52.06596646521619
-83.32407879350187 -55.291029048248795
-93.62198118184482 -35.14149455538701
33.261498506326106 -94.30627082603608
-99.9017398354206 4.43197223095271
-31.880515746944365 94.78202738762678
-94.2388854687007 -33.45194262845004
83.74793625618159 -54.64689536314524
2.232300811244269 99.9750810606729
99.91003728939242 4.240807568402049
-35.14543285166008 93.62050282747606
99.83062272447047 5.817797387709568
-91.75126080964333 39.77066934112135
-32.88996899424631 94.43648627282528
92.82150396047355 37.204413750465044
-90.26106670186729 -43.04578768986653
-97.03774418355341 -24.159391626596182
21.769990756117448 -97.60157530736151
-93.69933136434163 -34.93472916562119
61.854399036543185 -78.57501714812467
70.08909830217411 -71.32684136556288
23.039664541687845 -97.30968018551131
-46.96388392102837 -88.28586300791409
-96.05104880425532 27.824378224904905
-83.87790326448018 -54.447197760348566
47.84687858641054 87.81045615151587
-4.518309322626362 99.89787225394277
-89.94547707588902 43.7013861747053
-89.51099389537569 44.5845485775287
38.0877585269622 92.46254728478888
93.68612359086897 -34.97013363595319
67.1095051101301 -74.13713188324338
-18.022772506470872 98.3624911802258
-99.06715068045354 13.627166105111963
-74.33169916634112 66.89393469549061
-72.41089289837697 68.96856232849703
-91.72344539017988 -39.8347783444905
66.47927285624701 74.70278629679524
-97.57651815302691 21.88202698865009
99.92617924373384 3.841705578148042
-3.2333491165925836 99.94771359811205
