-10.0 -0.5110633947849479
-1.7506910003688514 -10.0
-7.548650387646095 10.0
-7.239965719113467 10.0
10.0 8.765503396229173
-4.093934736415019 -10.0
10.0 9.66186604396846
-2.9018260805021416 -10.0
-8.349758126117003 -10.0
-10.0 -0.968637139170017
-0.9027046442366586 -10.0
10.0 2.593602536679769
-6.70425023078862 10.0
-10.0 8.995677425122423
-0.46575300962150834 10.0
10.0 3.1441405489911345
10.0 -8.965086105743264
9.27551950951031 -10.0
6.515884010966067 -10.0
-4.953770794946381 10.0
10.0 -2.6014414938442076
10.0 -6.6380787954652405
-2.6770030189419316 -10.0
-4.506298898539656 -10.0
-1.2924925097767286 -10.0
3.2273370124786815 -10.0
-10.0 6.6204590482227506
3.4858950373124227 -10.0
10.0 7.3766376861632255
7.210689088710936 -10.0
10.0 -9.749340781062688
-10.0 -7.331795093640036
-10.0 5.473833456665414
-6.283312540788874 -10.0
-1.556241104372413 -10.0
10.0 3.090658669302515
-3.549750765076073 10.0
10.0 2.5605340926643088
-3.7007992428668715 -10.0
-10.0 -5.207380966787326
-0.7795936525484564 -10.0
7.554199245456308 -10.0
-8.001698375127312 -10.0
-6.891488271309555 10.0
-10.0 2.8707145689103175
-4.342790843898246 10.0
-6.208688816942892 10.0
-10.0 2.8958756550142217
-7.445904296621968 -10.0
10.0 -6.243711780582643
-5.620230909238504 -10.0
-8.185891597666206 -10.0
-3.3156359635972805 -10.0
10.0 0.7252364755947855
-10.0 2.366497781857677
8.236772271422359 10.0
-10.0 2.9969237040694496
-6.200691515061184 10.0
10.0 -6.281211223851788
-10.0 -0.04483051041864172
10.0 -5.121256572186461
-10.0 -7.866742032482929
-8.594266189004454 -10.0
10.0 5.206848895531325
10.0 -7.785764859302585
-10.0 -9.41173315056082
7.4442651130556285 -10.0
10.0 -2.385273236608697
3.1626130252084454 -10.0
-6.343493935306526 -10.0
5.864617854518796 10.0
10.0 -2.5243622036342437
0.623317744150194 -10.0
8.202181556709958 10.0
-0.5407437386645153 -10.0
10.0 -3.1820942849492457
10.0 0.4391494649626626
-10.0 -2.761807613814554
-2.358213402062855 10.0
10.0 -0.43963226721191795
-8.004109034489552 10.0
8.606184987516842 -10.0
-6.482844778470174 -10.0
-10.0 2.8870430008612535
7.972104744995665 10.0
5.646545500803553 10.0
-10.0 2.947666258492001
-4.736867795142974 10.0
10.0 5.021065430995
-7.709065491359382 10.0
7.457054914824839 10.0
-1.9090207174183398 -10.0
-5.869205695258339 -10.0
-10.0 7.602167330887724
3.059318977331456 10.0
10.0 -4.090770549894554
2.6192486597940174 10.0
-5.093721571165053 -10.0
-3.7542433684799033 10.0
7.743082170376441 -10.0
