0.0 0.0
10.0 0.0
10.0 10.0
0.0 10.0
9.861693829315218 0.0
8.609972727063383 0.0
0.0 7.599406258818703
2.933817270102186 0.0
0.0 8.568688494924867
0.0 0.20882878756767753
8.792297096449458 0.0
0.0 2.1551830122609514
0.0 0.0575291881661244
4.102640486521727 0.0
0.0 3.677050361394757
9.479612505918402 0.0
0.8590199082166017 0.0
9.405001832794547 0.0
7.301049805574037 0.0
1.7945105836592123 0.0
4.410518338016013 0.0
3.873632315932778 0.0
8.682773569092777 0.0
3.8928124123413554 0.0
0.5988028527319833 0.0
0.0 4.833915298118012
0.0 2.513190356093278
4.4771819106192865 0.0
0.0 8.669861166170907
6.579723821499833 6.579723821499833
6.0696706679792225 6.0696706679792225
6.408267902780462 6.408267902780462
5.298162045985468 5.298162045985468
1.2690607522612285 1.2690607522612285
4.656485134805606 5.343514865194394
2.7093498055589738 7.290650194441026
2.297308905449731 2.297308905449731
5.672099016125996 5.672099016125996
5.460313666071941 5.460313666071941
7.691070254923904 2.308929745076096
0.9032318327435596 9.09676816725644
7.910378859927576 2.089621140072424
6.5304875563871825 3.4695124436128175
8.167954060555175 1.832045939444825
7.750897437667535 7.750897437667535
7.445669451652586 7.445669451652586
6.128828508690275 3.871171491309725
9.04770976188883 9.04770976188883
8.410978752805693 8.410978752805693
